6722296
6395688
5190152
2270609
9689370
7283078
2924969
2306569
2193621
4242952
3700161
2714779
5500390
2709716
7857828
1150415
3851324
7723097
6632451
4905932
3510776
3656963
5038835
1740645
2216635
5970730
3097732
8169938
9099989
1266084
9662370
6699763
2126589
3896899
3050760
5117748
8847335
4283988
4263821
7768422
8896594
7645233
7282288
5003652
4978086
3293762
6492793
5160352
9933063
3498970
9303718
9977717
6508215
7836365
9941754
5347329
3778363
4534500
1046018
5431020
6548012
2341855
6542041
9309279
3746923
9280579
9973349
5455165
7609540
5137880
9058370
9129196
4396886
2843020
1093985
7915337
4688962
7408420
7740714
8919652
1178550
5155560
2526346
5049902
3555810
8638597
1404549
2701579
6287883
7954402
7684541
3883330
1464531
4844722
2757474
3728064
2765375
8321053
6755498
7965314
6460495
8723201
4209862
9649806
9429562
9705191
4556157
3082172
7391075
1432228
9276681
6650527
9234026
4791620
2460873
8955303
7483280
9931166
4673636
2866241
8001192
4449336
3003289
1956900
6091541
3006560
2730480
9782953
7566758
2532309
9094070
1323434
8987916
2320440
1889901
1910179
1876060
3389508
1366602
8614419
3490768
1296861
3529781
6543310
3938355
8440681
5314575
1475841
6558765
1697177
4921768
3342477
2235005
4137991
7597714
8891436
2638049
6148385
1454668
4450562
1749611
9685363
1995669
2948609
3593544
8596247
2380377
7981095
2060025
1235092
2207565
1694864
6188453
7807662
2883500
2928049
4628999
1907063
3562030
9469369
1148852
4751560
9843951
4040287
4775044
4872868
4107174
3853460
9778013
9715006
5123667
2934009
5478419
3923202
9307754
6644639
7778888
5053260
1217175
7119296
6657180
1850400
8933817
6447748
7899391
2204087
3446204
7420016
8316627
1458675
9865658
2812452
9590280
4490737
1772607
8891784
5760495
8303686
1608808
1032878
5306919
4567911
6121868
9831218
6235425
8159407
6250795
7134094
5132216
9891315
9849375
6266232
4953303
4934257
8585954
8667683
9149176
8336772
2007874
6005846
1188719
1687534
8252570
5635875
9577093
9881929
9582965
8114494
6633895
9551070
2007454
7097010
3696294
6423920
9922522
3247905
4215361
3710506
7828558
5149022
6165617
3357868
8931520
6907838
2710969
9850670
5237347
5047649
9787151
5656322
7556178
2955853
9296821
1210096
3114014
3618309
5644813
7052142
5917278
2747224
8512474
4502973
1672745
9210467
1825391
5702875
5870516
7311539
8009431
3270293
6420680
5325044
8283093
2185911
3664711
8950270
3017414
6638294
7492047
6039067
5181775
4625793
8074155
8908287
8104002
6361568
6484130
3190127
6312577
6301938
3449072
1172801
4312463
8008931
3902593
6843549
2194334
3726161
8946151
3521102
9890289
9336250
5221544
3043777
8885552
6782262
1194151
6776341
8400624
8643680
4377214
5048125
2768277
6564592
7103170
3022090
8189175
6323725
7476266
5524550
9695492
9704187
4730136
2027592
8916581
7410206
6204231
3387640
3055050
1903537
8348257
8067517
1419584
5304861
9127795
2261208
3781378
9313753
8791754
9155462
1018310
5488853
2916521
9500862
1162648
5255685
9040727
1834178
1865340
4049710
1195469
8428079
7129962
1125155
9082398
6972713
1787883
1828645
5761762
7815980
2180109
9413669
3190461
7993541
1385804
5537814
4455110
4830113
7880207
1328815
4700936
2120623
3907519
6739977
9544666
9473756
4230925
1166382
9946719
2019374
9666593
1318161
8999381
3384975
5832819
9649549
3216135
3328994
9887917
7424368
8625834
9073177
2612197
4668438
2645238
9731180
2846245
9187168
5185905
2051234
4752023
2479917
9298080
6598112
9144075
6648181
1945452
5272825
2978227
8024027
9916316
4045047
5270249
4522039
8433915
7420709
8927257
6317951
4979356
7822833
6416323
6584921
5117065
4721081
9772844
5180192
5332864
3203151
6393222
7751995
2680261
6339287
7637256
7889964
9969854
6123718
4513800
2412228
2933911
4224305
8032630
6810126
3836984
1741438
1990879
4853995
8975262
1715169
2632936
9982967
8025554
4024818
2812034
1051836
9869848
5001394
5941582
9759644
7808938
9057412
8209209
2628051
7400884
8611005
9199735
4090945
7415627
5402064
2946435
7981894
4227033
9662456
5631831
8358582
5170402
2265074
9620397
7159978
7449428
1450825
