1.3502690693337298
0.5392494315684173
0.6105937743401807
0.5328105519991698
1.2806213621063658
0.9243923865504772
0.6390717924543555
0.8600020418038824
0.720438827226261
1.1754001727633216
0.5876043992352468
0.8092090346196086
1.3041538338544205
1.2122525927217953
0.624535656623853
0.6551703022239075
0.8199067471753847
1.1368642304843632
1.2652236054650516
0.6030732148247777
0.9597314934004235
1.0926034676948286
0.8257850796046584
0.5657029192869154
0.5481971651988669
1.1578504816001147
0.522695669460482
1.028778773187021
0.8086810546626486
0.6685016210584829
0.7720914350404724
0.918554339266655
1.2701730395378716
0.6367416147373648
1.2970213023349595
0.7632807453442992
0.930212028834445
1.175976434633708
1.1116189257608695
1.1541608358027489
1.1787841290860857
0.8803497414095819
1.140310959596559
1.1996208831455477
0.6120571545653611
0.6308154956318736
0.6877363840893724
1.272657408055365
