769
2025
939
3242
2470
1579
2846
2914
837
1445
3130
4417
4172
4198
3698
3661
4382
4998
1516
1916
3930
4473
2415
2217
4328
4117
2076
4463
1038
4719
4326
4538
3740
3401
2722
1767
2471
3933
2066
1282
973
1768
2883
4884
3760
3417
3620
4342
4090
4093
1000
4274
4440
4650
2553
1158
2288
3499
3244
3243
1131
3267
4186
4166
2868
2851
1919
3237
3932
2409
2672
1073
1445
4934
2576
889
3858
2178
3249
1264
2434
1745
990
1829
1527
3606
3367
3775
4905
4681
2174
4048
2925
4186
2858
3413
678
3242
3706
4609
1237
1751
1156
3849
999
853
1580
4688
4458
4948
4769
3827
4893
3935
3067
2891
4608
1827
910
3283
1459
1036
1142
1326
2772
3861
2382
2149
3206
3645
4936
2068
1812
1435
2326
967
592
2590
2614
4710
2026
3203
2766
1885
3157
4271
1514
1200
3228
2429
4886
4975
3631
2004
4082
821
1361
4886
928
1739
4358
1335
673
3077
689
2353
4319
3061
896
4015
1129
2001
4426
2137
4292
1505
4169
1701
2778
1515
1691
1130
1846
2817
1057
2653
2870
1418
3373
4538
1922
3681
4448
4786
1913
4701
2316
4012
4445
1421
614
2276
1868
2036
2459
3123
1008
4642
4695
2205
607
3234
4935
1341
1677
2562
1487
3649
1699
4461
2663
1346
2446
1829
1860
4361
3701
3275
3838
3492
2317
3041
3954
2698
2107
4229
702
1494
4980
3980
2362
1492
2441
3098
1259
3803
1609
1870
975
4878
4286
1203
2979
1248
2641
847
4208
2412
3989
631
4811
3018
2340
1326
1641
2891
1788
4007
4540
2221
1331
2384
969
3385
2331
4877
4927
634
4681
3592
4295
3996
3088
1954
2673
4994
2546
807
585
4614
3108
1985
853
2932
3201
1716
2302
4500
1824
3564
3880
3467
1607
1328
586
665
1951
4456
4564
1722
4521
4053
2145
2575
1631
2575
2935
2400
1885
4290
4478
634
1288
3560
4792
2843
3618
1590
4330
1291
2541
4727
1616
2541
2047
4363
1480
4600
3625
1215
4145
2565
1734
2988
4855
3672
2332
1309
4428
3546
2311
2070
2631
3982
4947
2333
3990
3483
729
2131
1255
2035
3062
2331
2007
